out_file1.txt
1 1 0 1 0						      |	00010
0 0 0 1 0						      |	10000
1 1 1 1 0						      |	00000
1 0 0 0 0						      |	00000
1 0 0 0 0						      |	00000
							      |
0 1 0 1 0						      |	00000
0 0 0 0 0						      |	01000
0 0 0 0 0						      |	00000
0 0 0 0 0						      |	00000
1 0 0 0 0						      |	00000
							      |
0 1 0 1 0						      |	00000
0 1 0 0 0						      |	00000
0 1 1 1 0						      |	00010
0 0 0 0 0						      |	00000
1 0 0 0 0						      |	00000
							      |
0 0 0 1 0						      |	00000
0 0 0 0 0						      |	00000
0 0 0 1 0						      |	00000
0 0 0 0 0						      |	00000
1 0 0 0 0						      |	00000
							      |
0 0 0 1 0						      |	00000
0 0 0 1 0						      |	00000
0 0 0 1 0						      |	00000
0 0 0 0 0						      |	00000
1 1 1 1 1						      |	00000
							      >
1 0 1 1 1						      |	11110
1 1 1 1 0						      |	01100
0 1 0 0 1						      |	00000
0 1 1 0 0						      |	10100
0 0 0 0 1						      |	10011
							      |
1 0 1 0 0						      |	11111
1 0 1 0 0						      |	01001
1 0 0 0 1						      |	00011
1 0 0 1 1						      |	11111
0 0 1 1 1						      |	11011
							      |
1 1 0 0 0						      |	00100
0 1 0 0 1						      |	00000
1 0 0 0 0						      |	00000
0 0 0 1 1						      |	01110
0 1 1 0 0						      |	00000
							      |
0 1 1 1 0						      |	00000
1 1 0 1 1						      |	00000
0 1 0 1 1						      |	00000
0 0 1 0 0						      |	00000
0 1 0 1 1						      |	00000
							      |
0 0 1 1 0						      |	00000
0 0 0 0 0						      |	00000
0 1 1 0 1						      |	00000
0 1 1 1 0						      |	00000
0 1 1 1 1						      |	00000
							      >
1 1 1 1 1						      |	11111
1 1 1 1 1						      |	11111
1 1 1 1 1						      |	11111
1 1 1 1 1						      |	11111
1 1 1 1 1						      |	11111
							      |
1 1 1 1 1						      |	11111
1 1 1 1 1						      |	11111
1 1 1 1 1						      |	11111
1 1 1 1 1						      |	11111
1 1 1 1 1						      |	11111
							      |
1 1 1 1 1						      |	11111
1 1 1 1 1						      |	11111
1 1 1 1 1						      |	11111
1 1 1 1 1						      |	11111
1 1 1 1 1						      |	00000
							      |
1 1 1 1 1						      |	00000
1 1 1 1 1						      |	00000
1 1 1 1 1						      |	00000
1 1 1 1 1						      |	00000
1 1 1 1 1						      |	00000
							      |
1 1 1 1 1						      |	00000
1 1 1 1 1						      |	00000
1 1 1 1 1						      |	00000
1 1 1 1 1						      |	00000
1 1 1 1 1						      |	00000
							      >
1 1 0 1 0						      |	00010
0 0 0 1 0						      |	10000
1 1 1 1 0						      |	00000
1 0 0 0 0						      |	00000
1 0 0 0 0						      |	00000
							      |
0 1 0 1 0						      |	00000
0 0 0 0 0						      |	01000
0 0 0 0 0						      |	00000
0 0 0 0 0						      |	00000
1 0 0 0 0						      |	00000
							      |
0 1 0 1 0						      |	00000
0 1 0 0 0						      |	00000
0 1 1 1 0						      |	00010
0 0 0 0 0						      |	00000
1 0 0 0 0						      |	00000
							      |
0 0 0 1 0						      |	00000
0 0 0 0 0						      |	00000
0 0 0 1 0						      |	00000
0 0 0 0 0						      |	00000
1 0 0 0 0						      |	00000
							      |
0 0 0 1 0						      |	00000
0 0 0 1 0						      |	00000
0 0 0 1 0						      |	00000
0 0 0 0 0						      |	00000
1 1 1 0 1						      |	00000
							      >
1 0 1 1 1						      |	11110
1 1 1 1 0						      |	01100
0 1 0 0 1						      |	00000
0 1 1 0 0						      |	10100
0 0 0 0 1						      |	10011
							      |
1 0 1 0 0						      |	11111
1 0 1 0 0						      |	01001
1 0 0 0 1						      |	00011
1 0 0 1 1						      |	11111
0 0 1 1 1						      |	11011
							      |
1 1 0 0 0						      |	00100
0 1 0 0 1						      |	00000
1 0 0 0 0						      |	00000
0 0 0 1 1						      |	01110
0 1 1 0 0						      |	00000
							      |
0 1 1 1 0						      |	00000
1 1 0 1 1						      |	00000
0 1 0 1 1						      |	00000
0 0 1 0 0						      |	00000
0 1 0 1 1						      |	00000
							      |
0 0 1 1 0						      |	00000
0 0 0 0 0						      |	00000
0 1 1 0 1						      |	00000
0 1 1 1 0						      |	00000
0 1 1 0 1						      |	00000
							      >
1 1 1 1 1						      |	11111
1 1 1 1 1						      |	11111
1 1 1 1 1						      |	11111
1 1 1 1 1						      |	11111
1 1 1 1 1						      |	11111
							      |
1 1 1 1 1						      |	11111
1 1 1 1 1						      |	11111
1 1 1 1 1						      |	11111
1 1 1 1 1						      |	11111
1 1 1 1 1						      |	11111
							      |
1 1 1 1 1						      |	11111
1 1 1 1 1						      |	11111
1 1 1 1 1						      |	11111
1 1 1 1 1						      |	11110
1 1 1 1 1						      |	00000
							      |
1 1 1 1 1						      |	00000
1 1 1 1 1						      |	00000
1 1 1 1 1						      |	00000
1 1 1 1 1						      |	00000
1 1 1 1 0						      |	00000
							      |
1 1 1 1 1						      |	00000
1 1 1 1 1						      |	00000
1 1 1 1 1						      |	00000
1 1 1 1 0						      |	00000
1 1 1 0 1						      |	00000
							      >
out_file2.txt
1 1 1 1 1						      |	11111
1 1 1 1 1						      |	11111
1 1 1 1 1						      |	11111
1 1 1 1 1						      |	11111
1 1 1 1 1						      |	11111
							      |
1 1 1 1 1						      |	11111
1 1 1 1 1						      |	11111
1 1 1 1 1						      |	11111
1 1 1 1 1						      |	11111
1 1 1 1 1						      |	11111
							      |
1 1 1 1 1						      |	11111
1 1 1 1 1						      |	11111
1 1 1 1 1						      |	11111
1 1 1 1 1						      |	11110
1 1 1 1 1						      |	00000
							      |
1 1 1 1 1						      |	00000
1 1 1 1 1						      |	00000
1 1 1 1 1						      |	00000
1 1 1 1 1						      |	00000
1 1 1 1 1						      |	00000
							      |
1 1 1 1 1						      |	00000
1 1 1 1 1						      |	00000
1 1 1 1 1						      |	00000
1 1 1 1 1						      |	00000
1 1 1 1 1						      |	00000
importMaze Mazes/Invalid1.txt False			      |
							      >	importMaze Mazes/Invalid1.txt True
1 1 1 1 1						      |	11111
1 1 1 1 1						      |	11111
1 1 1 1 1						      |	11111
1 1 1 1 1						      |	11111
1 1 1 1 1						      |	11111
							      |
1 1 1 1 1						      |	11111
1 1 1 1 1						      |	11111
1 1 1 1 1						      |	11111
1 1 1 1 1						      |	11111
1 1 1 1 1						      |	11111
							      |
1 1 1 1 1						      |	11111
1 1 1 1 1						      |	11111
1 1 1 1 1						      |	11111
1 1 1 1 1						      |	11110
1 1 1 1 1						      |	00000
							      |
1 1 1 1 1						      |	00000
1 1 1 1 1						      |	00000
1 1 1 1 1						      |	00000
1 1 1 1 1						      |	00000
1 1 1 1 1						      |	00000
							      |
1 1 1 1 1						      |	00000
1 1 1 1 1						      |	00000
1 1 1 1 1						      |	00000
1 1 1 1 1						      |	00000
1 1 1 1 1						      |	00000
							      >
1 1 0 1 0						      |	00010
0 0 0 1 0						      |	10000
1 1 1 1 0						      |	00000
1 0 0 0 0						      |	00000
1 0 0 0 0						      |	00000
							      |
0 1 0 1 0						      |	00000
0 0 0 0 0						      |	01000
0 0 0 0 0						      |	00000
0 0 0 0 0						      |	00000
1 0 0 0 0						      |	00000
							      |
0 1 0 1 0						      |	00000
0 1 0 0 0						      |	00000
0 1 1 1 0						      |	00010
0 0 0 0 0						      |	00000
1 0 0 0 0						      |	00000
							      |
0 0 0 1 0						      |	00000
0 0 0 0 0						      |	00000
0 0 0 1 0						      |	00000
0 0 0 0 0						      |	00000
1 0 0 0 0						      |	00000
							      |
0 0 0 1 0						      |	00000
0 0 0 1 0						      |	00000
0 0 0 1 0						      |	00000
0 0 0 0 0						      |	00000
1 1 1 1 1						      |	00000
							      >
importMaze Mazes/Invalid2.txt False			      |	importMaze Mazes/Invalid2.txt True
1 1 0 1 0						      |	11111
0 0 0 1 0						      |	11111
1 1 1 1 0						      |	11111
1 0 0 0 0						      |	11111
1 0 0 0 0						      |	11111
							      |
0 1 0 1 0						      |	11111
0 0 0 0 0						      |	11111
0 0 0 0 0						      |	11111
0 0 0 0 0						      |	11111
1 0 0 0 0						      |	11111
							      |
0 1 0 1 0						      |	11111
0 1 0 0 0						      |	11111
0 1 1 1 0						      |	11111
0 0 0 0 0						      |	11111
1 0 0 0 0						      |	11111
							      |
0 0 0 1 0						      |	11111
0 0 0 0 0						      |	11111
0 0 0 1 0						      |	00000
0 0 0 0 0						      |	00000
1 0 0 0 0						      |	00000
							      |
0 0 0 1 0						      |	00000
0 0 0 1 0						      |	00000
0 0 0 1 0						      |	00000
0 0 0 0 0						      |	00000
1 1 1 1 1						      |	00000
							      |
importMaze Mazes/Invalid3.txt False			      |
importMaze Mazes/Invalid4.txt False			      |	importMaze Mazes/Invalid3.txt True
importMaze Mazes/Invalid5.txt False			      |	importMaze Mazes/Invalid4.txt True
importMaze Mazes/Nonexistant.txt False			      |	importMaze Mazes/Invalid5.txt True
							      >	importMaze Mazes/Nonexistant.txt True
out_file3.txt
1 1 0 1 0						      |	00010
0 0 0 1 0						      |	10000
1 1 1 1 0						      |	00000
1 0 0 0 0						      |	00000
1 0 0 0 0						      |	00000
							      |
0 1 0 1 0						      |	00000
0 0 0 0 0						      |	01000
0 0 0 0 0						      |	00000
0 0 0 0 0						      |	00000
1 0 0 0 0						      |	00000
							      |
0 1 0 1 0						      |	00000
0 1 0 0 0						      |	00000
0 1 1 1 0						      |	00010
0 0 0 0 0						      |	00000
1 0 0 0 0						      |	11111
							      |
0 0 0 1 0						      |	11111
0 0 0 0 0						      |	11111
0 0 0 1 0						      |	00000
0 0 0 0 0						      |	00000
1 0 0 0 0						      |	00000
							      |
0 0 0 1 0						      |	00000
0 0 0 1 0						      |	00000
0 0 0 1 0						      |	00000
0 0 0 0 0						      |	00000
1 1 1 1 1						      |	00000
solveMaze VALID solution given				      |
							      >	solveMaze Maze has no valid solution
1 0 1 1 1						      |	11110
1 1 1 1 0						      |	01100
0 1 0 0 1						      |	00000
0 1 1 0 0						      |	10100
0 0 0 0 1						      |	10011
							      |
1 0 1 0 0						      |	11111
1 0 1 0 0						      |	01001
1 0 0 0 1						      |	00011
1 0 0 1 1						      |	11111
0 0 1 1 1						      |	11011
							      |
1 1 0 0 0						      |	00100
0 1 0 0 1						      |	00000
1 0 0 0 0						      |	00000
0 0 0 1 1						      |	01110
0 1 1 0 0						      |	11111
							      |
0 1 1 1 0						      |	11111
1 1 0 1 1						      |	11111
0 1 0 1 1						      |	00000
0 0 1 0 0						      |	00000
0 1 0 1 1						      |	00000
							      |
0 0 1 1 0						      |	00000
0 0 0 0 0						      |	00000
0 1 1 0 1						      |	00000
0 1 1 1 0						      |	00000
0 1 1 1 1						      |	00000
							      >
							      >
							      >	solveMaze
							      >	INVALID solution. Maze has been altered from: 
							      >	11110
							      >	01100
							      >	00000
							      >	10100
							      >	10011
							      >
							      >	11111
							      >	01001
							      >	00011
							      >	11111
							      >	11011
							      >
							      >	00100
							      >	00000
							      >	00000
							      >	01110
							      >	11111
							      >
							      >	11111
							      >	11111
							      >	00000
							      >	00000
							      >	00000
							      >
							      >	00000
							      >	00000
							      >	00000
							      >	00000
							      >	00000
							      >
							      >
							      >	...to: 
							      >
							      >	31110
							      >	01100
							      >	00000
							      >	10100
							      >	10011
							      >
							      >	11111
							      >	01001
							      >	00011
							      >	11111
							      >	11011
							      >
							      >	00100
							      >	00000
							      >	00000
							      >	01110
							      >	11111
							      >
							      >	11111
							      >	11111
							      >	00000
							      >	00000
							      >	00000
							      >
							      >	00000
							      >	00000
							      >	00000
							      >	00000
							      >	00000
							      >
solveMaze VALID solution given				      <
1 1 1 1 1						      |	11111
1 1 1 1 1						      |	11111
1 1 1 1 1						      |	11111
1 1 1 1 1						      |	11111
1 1 1 1 1						      |	11111
							      |
1 1 1 1 1						      |	11111
1 1 1 1 1						      |	11111
1 1 1 1 1						      |	11111
1 1 1 1 1						      |	11111
1 1 1 1 1						      |	11111
							      |
1 1 1 1 1						      |	11111
1 1 1 1 1						      |	11111
1 1 1 1 1						      |	11111
1 1 1 1 1						      |	11111
1 1 1 1 1						      |	11111
							      |
1 1 1 1 1						      |	11111
1 1 1 1 1						      |	11111
1 1 1 1 1						      |	00000
1 1 1 1 1						      |	00000
1 1 1 1 1						      |	00000
							      |
1 1 1 1 1						      |	00000
1 1 1 1 1						      |	00000
1 1 1 1 1						      |	00000
1 1 1 1 1						      |	00000
1 1 1 1 1						      |	00000
							      >
							      >
							      >	solveMaze
							      >	INVALID solution. Maze has been altered from: 
							      >	11111
							      >	11111
							      >	11111
							      >	11111
							      >	11111
							      >
							      >	11111
							      >	11111
							      >	11111
							      >	11111
							      >	11111
							      >
							      >	11111
							      >	11111
							      >	11111
							      >	11111
							      >	11111
							      >
							      >	11111
							      >	11111
							      >	00000
							      >	00000
							      >	00000
							      >
							      >	00000
							      >	00000
							      >	00000
							      >	00000
							      >	00000
							      >
							      >
							      >	...to: 
							      >
							      >	31111
							      >	11111
							      >	11111
							      >	11111
							      >	11111
							      >
							      >	11111
							      >	11111
							      >	11111
							      >	11111
							      >	11111
							      >
							      >	11111
							      >	11111
							      >	11111
							      >	11111
							      >	11111
							      >
							      >	11111
							      >	11111
							      >	00000
							      >	00000
							      >	00000
							      >
							      >	00000
							      >	00000
							      >	00000
							      >	00000
							      >	00000
							      >
solveMaze VALID solution given				      <
out_file4.txt
solveMaze Maze has no valid solution			      |	solveMaze
							      >	INVALID solution. Maze has been altered from: 
							      >	11110
							      >	01100
							      >	00000
							      >	10100
							      >	10011
							      >
							      >	11111
							      >	01001
							      >	00011
							      >	11111
							      >	11011
							      >
							      >	00100
							      >	00000
							      >	00000
							      >	01110
							      >	11111
							      >
							      >	11111
							      >	11111
							      >	00000
							      >	00000
							      >	00000
							      >
							      >	00000
							      >	00000
							      >	00000
							      >	00000
							      >	00000
							      >
							      >
							      >	...to: 
							      >
							      >	31110
							      >	01100
							      >	00000
							      >	10100
							      >	10011
							      >
							      >	11111
							      >	01001
							      >	00011
							      >	11111
							      >	11011
							      >
							      >	00100
							      >	00000
							      >	00000
							      >	01110
							      >	11111
							      >
							      >	11111
							      >	11111
							      >	00000
							      >	00000
							      >	00000
							      >
							      >	00000
							      >	00000
							      >	00000
							      >	00000
							      >	00000
							      >
							      >
solveMaze Maze has no valid solution			      |	solveMaze
							      >	INVALID solution. Maze has been altered from: 
							      >	11111
							      >	11111
							      >	11111
							      >	11111
							      >	11111
							      >
							      >	11111
							      >	11111
							      >	11111
							      >	11111
							      >	11111
							      >
							      >	11111
							      >	11111
							      >	11111
							      >	11110
							      >	11111
							      >
							      >	11111
							      >	11111
							      >	00000
							      >	00000
							      >	00000
							      >
							      >	00000
							      >	00000
							      >	00000
							      >	00000
							      >	00000
							      >
							      >
							      >	...to: 
							      >
							      >	31111
							      >	11111
							      >	11111
							      >	11111
							      >	11111
							      >
							      >	11111
							      >	11111
							      >	11111
							      >	11111
							      >	11111
							      >
							      >	11111
							      >	11111
							      >	11111
							      >	11110
							      >	11111
							      >
							      >	11111
							      >	11111
							      >	00000
							      >	00000
							      >	00000
							      >
							      >	00000
							      >	00000
							      >	00000
							      >	00000
							      >	00000
							      >
							      >
