importMaze Mazes/Solvable1.txt True
toString 
00010
10000
00000
00000
00000

00000
01000
00000
00000
00000

00000
00000
00010
00000
00000

00000
00000
00000
00000
00000

00000
00000
00000
00000
00000


importMaze Mazes/Solvable2.txt True
toString
11110
01100
00000
10100
10011

11111
01001
00011
11111
11011

00100
00000
00000
01110
00000

00000
00000
00000
00000
00000

00000
00000
00000
00000
00000


importMaze Mazes/Solvable3.txt True
toString
11111
11111
11111
11111
11111

11111
11111
11111
11111
11111

11111
11111
11111
11111
00000

00000
00000
00000
00000
00000

00000
00000
00000
00000
00000


importMaze Mazes/Unsolvable1.txt True
toString
00010
10000
00000
00000
00000

00000
01000
00000
00000
00000

00000
00000
00010
00000
00000

00000
00000
00000
00000
00000

00000
00000
00000
00000
00000


importMaze Mazes/Unsolvable2.txt True
toString
11110
01100
00000
10100
10011

11111
01001
00011
11111
11011

00100
00000
00000
01110
00000

00000
00000
00000
00000
00000

00000
00000
00000
00000
00000


importMaze Mazes/Unsolvable3.txt True
toString
11111
11111
11111
11111
11111

11111
11111
11111
11111
11111

11111
11111
11111
11110
00000

00000
00000
00000
00000
00000

00000
00000
00000
00000
00000


