importMaze Mazes/Unsolvable1.txt True
solveMaze Maze has no valid solution
importMaze Mazes/Unsolvable2.txt True
solveMaze
INVALID solution. Maze has been altered from: 
11110
01100
00000
10100
10011

11111
01001
00011
11111
11011

00100
00000
00000
01110
11111

11111
11111
00000
00000
00000

00000
00000
00000
00000
00000


...to: 

31110
01100
00000
10100
10011

11111
01001
00011
11111
11011

00100
00000
00000
01110
11111

11111
11111
00000
00000
00000

00000
00000
00000
00000
00000


importMaze Mazes/Unsolvable3.txt True
solveMaze
INVALID solution. Maze has been altered from: 
11111
11111
11111
11111
11111

11111
11111
11111
11111
11111

11111
11111
11111
11110
11111

11111
11111
00000
00000
00000

00000
00000
00000
00000
00000


...to: 

31111
11111
11111
11111
11111

11111
11111
11111
11111
11111

11111
11111
11111
11110
11111

11111
11111
00000
00000
00000

00000
00000
00000
00000
00000


