toString
00000
00000
00000
00000
00000

00000
00000
00000
00000
00000

00000
00000
00000
00000
00000

00000
00000
00000
00000
00000

00000
00000
00000
00000
00000


importMaze Mazes/Invalid1.txt True
toString
00000
00000
00000
00000
00000

00000
00000
00000
00000
00000

00000
00000
00000
00000
00000

00000
00000
00000
00000
00000

00000
00000
00000
00000
00000


importMaze Mazes/Solvable1.txt True
toString
00000
00000
00000
00000
00000

00000
00000
00000
00000
00000

00000
00000
00000
00000
00000

00000
00000
00000
00000
00000

00000
00000
00000
00000
00000


importMaze Mazes/Invalid2.txt True
toString
00000
00000
00000
00000
00000

00000
00000
00000
00000
00000

00000
00000
00000
00000
00000

00000
00000
00000
00000
00000

00000
00000
00000
00000
00000


importMaze Mazes/Invalid3.txt True
importMaze Mazes/Invalid4.txt True
importMaze Mazes/Invalid5.txt True
importMaze Mazes/Nonexistant.txt True
