createRandomMaze
30111
10011
01011
00000
10110

00111
10001
11010
11110
10010

10100
10001
11010
10111
01010

10010
10000
01101
00001
00001

10001
11010
00100
11101
01111


Path: Unsolvable
createRandomMaze
31111
10110
10110
01011
10001

01010
10111
10001
01000
00101

11110
01101
10101
11110
01101

00111
00000
00111
00101
01010

01100
10001
11001
00110
00011


Path: Unsolvable
createRandomMaze
31100
10000
01000
00100
00011

00111
10100
11110
11100
10000

00000
11010
10001
10001
01101

11110
11011
01000
00010
10000

00110
10001
00001
11001
00111


Path: Unsolvable
createRandomMaze
30100
10111
10110
01000
00100

01000
00010
11100
01001
00011

01111
10010
01011
00010
00100

00011
11001
01101
11010
11011

01111
10011
11001
10100
01101


Path: Unsolvable
createRandomMaze
30011
11101
01100
00100
10000

00000
01001
01011
11000
10001

01101
10110
00000
10011
11101

11011
11101
01101
00100
11110

01111
10011
10000
11111
01111


Path: Unsolvable
createRandomMaze
31000
01100
01100
00010
00111

00011
11011
10000
11101
10111

01010
10001
01001
01100
11101

01000
10111
11101
10010
11000

01111
11011
00110
11101
01101


Path: Unsolvable
createRandomMaze
30010
01000
11000
10010
00110

01010
10010
00100
00100
11010

00011
11110
10111
11100
10000

01001
01110
00011
00111
00101

11110
01101
00011
10111
01011


Path: Unsolvable
createRandomMaze
30100
01100
10110
11011
00111

00101
00110
10010
00001
01100

00110
01010
11011
00101
11011

11001
00011
00101
11110
01110

00101
00000
10110
01011
10101


Path: Unsolvable
createRandomMaze
30101
11101
00100
00011
01101

00110
11101
01001
00111
11110

00010
10001
11001
00000
10100

01111
01101
11101
01111
01111

00011
01010
11101
00010
00111


Path: Unsolvable
createRandomMaze
31010
11110
01101
10010
01001

00111
01101
11001
10001
10101

10000
10100
00110
01011
10010

11001
11101
11000
01010
10111

10111
10000
11101
10110
11111


Path: Unsolvable
