importMaze Mazes/Solvable1.txt True
toString 
00010
10000
00000
00000
00000

00000
01000
00000
00000
00000

00000
00000
00010
00000
00000

00000
00000
00000
00000
00000

00000
00000
00000
00000
00000


importMaze Mazes/Solvable2.txt True
toString
11110
01100
00000
10100
10011

11111
01001
00011
11111
11011

00100
00000
00000
01110
00000

00000
00000
00000
00000
00000

00000
00000
00000
00000
00000


importMaze Mazes/Solvable3.txt True
toString
11111
11111
11111
11111
11111

11111
11111
11111
11111
11111

11111
11111
11111
11111
00000

00000
00000
00000
00000
00000

00000
00000
00000
00000
00000


importMaze Mazes/Unsolvable1.txt True
toString
00010
10000
00000
00000
00000

00000
01000
00000
00000
00000

00000
00000
00010
00000
00000

00000
00000
00000
00000
00000

00000
00000
00000
00000
00000


importMaze Mazes/Unsolvable2.txt True
toString
11110
01100
00000
10100
10011

11111
01001
00011
11111
11011

00100
00000
00000
01110
00000

00000
00000
00000
00000
00000

00000
00000
00000
00000
00000


importMaze Mazes/Unsolvable3.txt True
toString
11111
11111
11111
11111
11111

11111
11111
11111
11111
11111

11111
11111
11111
11110
00000

00000
00000
00000
00000
00000

00000
00000
00000
00000
00000


toString
11111
11111
11111
11111
11111

11111
11111
11111
11111
11111

11111
11111
11111
11110
00000

00000
00000
00000
00000
00000

00000
00000
00000
00000
00000


importMaze Mazes/Invalid1.txt True
toString
11111
11111
11111
11111
11111

11111
11111
11111
11111
11111

11111
11111
11111
11110
00000

00000
00000
00000
00000
00000

00000
00000
00000
00000
00000


importMaze Mazes/Solvable1.txt True
toString
00010
10000
00000
00000
00000

00000
01000
00000
00000
00000

00000
00000
00010
00000
00000

00000
00000
00000
00000
00000

00000
00000
00000
00000
00000


importMaze Mazes/Invalid2.txt True
toString
11111
11111
11111
11111
11111

11111
11111
11111
11111
11111

11111
11111
11111
11111
11111

11111
11111
00000
00000
00000

00000
00000
00000
00000
00000


importMaze Mazes/Invalid3.txt True
importMaze Mazes/Invalid4.txt True
importMaze Mazes/Invalid5.txt True
importMaze Mazes/Nonexistant.txt True
importMaze Mazes/Solvable1.txt True
toString
00010
10000
00000
00000
00000

00000
01000
00000
00000
00000

00000
00000
00010
00000
11111

11111
11111
00000
00000
00000

00000
00000
00000
00000
00000


solveMaze Maze has no valid solution
importMaze Mazes/Solvable2.txt True
toString
11110
01100
00000
10100
10011

11111
01001
00011
11111
11011

00100
00000
00000
01110
11111

11111
11111
00000
00000
00000

00000
00000
00000
00000
00000


solveMaze
INVALID solution. Maze has been altered from: 
11110
01100
00000
10100
10011

11111
01001
00011
11111
11011

00100
00000
00000
01110
11111

11111
11111
00000
00000
00000

00000
00000
00000
00000
00000


...to: 

31110
01100
00000
10100
10011

11111
01001
00011
11111
11011

00100
00000
00000
01110
11111

11111
11111
00000
00000
00000

00000
00000
00000
00000
00000


importMaze Mazes/Solvable3.txt True
toString
11111
11111
11111
11111
11111

11111
11111
11111
11111
11111

11111
11111
11111
11111
11111

11111
11111
00000
00000
00000

00000
00000
00000
00000
00000


solveMaze
INVALID solution. Maze has been altered from: 
11111
11111
11111
11111
11111

11111
11111
11111
11111
11111

11111
11111
11111
11111
11111

11111
11111
00000
00000
00000

00000
00000
00000
00000
00000


...to: 

31111
11111
11111
11111
11111

11111
11111
11111
11111
11111

11111
11111
11111
11111
11111

11111
11111
00000
00000
00000

00000
00000
00000
00000
00000


importMaze Mazes/Unsolvable1.txt True
solveMaze Maze has no valid solution
importMaze Mazes/Unsolvable2.txt True
solveMaze
INVALID solution. Maze has been altered from: 
11110
01100
00000
10100
10011

11111
01001
00011
11111
11011

00100
00000
00000
01110
11111

11111
11111
00000
00000
00000

00000
00000
00000
00000
00000


...to: 

31110
01100
00000
10100
10011

11111
01001
00011
11111
11011

00100
00000
00000
01110
11111

11111
11111
00000
00000
00000

00000
00000
00000
00000
00000


importMaze Mazes/Unsolvable3.txt True
solveMaze
INVALID solution. Maze has been altered from: 
11111
11111
11111
11111
11111

11111
11111
11111
11111
11111

11111
11111
11111
11110
11111

11111
11111
00000
00000
00000

00000
00000
00000
00000
00000


...to: 

31111
11111
11111
11111
11111

11111
11111
11111
11111
11111

11111
11111
11111
11110
11111

11111
11111
00000
00000
00000

00000
00000
00000
00000
00000


